# Array shape: (70,)
4.179999999999999827e-01
4.020000000000000240e-01
4.179999999999999827e-01
4.410000000000000031e-01
4.079999999999999738e-01
3.870000000000000107e-01
3.549999999999999822e-01
3.940000000000000169e-01
4.109999999999999765e-01
4.050000000000000266e-01
3.950000000000000178e-01
3.860000000000000098e-01
4.060000000000000275e-01
3.950000000000000178e-01
3.800000000000000044e-01
4.040000000000000258e-01
4.189999999999999836e-01
3.970000000000000195e-01
3.599999999999999867e-01
4.079999999999999738e-01
4.119999999999999774e-01
4.279999999999999916e-01
4.239999999999999880e-01
3.990000000000000213e-01
4.000000000000000222e-01
3.860000000000000098e-01
4.050000000000000266e-01
4.269999999999999907e-01
4.179999999999999827e-01
3.960000000000000187e-01
4.079999999999999738e-01
3.760000000000000009e-01
4.149999999999999800e-01
3.990000000000000213e-01
3.980000000000000204e-01
4.159999999999999809e-01
3.850000000000000089e-01
4.079999999999999738e-01
4.050000000000000266e-01
4.239999999999999880e-01
4.349999999999999978e-01
4.069999999999999729e-01
4.129999999999999782e-01
3.920000000000000151e-01
3.920000000000000151e-01
4.089999999999999747e-01
4.520000000000000129e-01
4.159999999999999809e-01
4.289999999999999925e-01
4.149999999999999800e-01
4.010000000000000231e-01
4.020000000000000240e-01
4.149999999999999800e-01
4.139999999999999791e-01
4.169999999999999818e-01
3.970000000000000195e-01
4.189999999999999836e-01
4.259999999999999898e-01
4.560000000000000164e-01
3.970000000000000195e-01
3.599999999999999867e-01
4.069999999999999729e-01
4.079999999999999738e-01
4.279999999999999916e-01
4.129999999999999782e-01
4.050000000000000266e-01
3.780000000000000027e-01
3.970000000000000195e-01
3.820000000000000062e-01
4.119999999999999774e-01
