# Array shape: (70,)
4.199999999999999845e-01
4.050000000000000266e-01
3.900000000000000133e-01
4.209999999999999853e-01
4.219999999999999862e-01
4.159999999999999809e-01
4.129999999999999782e-01
3.910000000000000142e-01
3.689999999999999947e-01
4.420000000000000040e-01
3.900000000000000133e-01
4.000000000000000222e-01
4.050000000000000266e-01
4.339999999999999969e-01
4.099999999999999756e-01
3.980000000000000204e-01
3.880000000000000115e-01
4.159999999999999809e-01
3.910000000000000142e-01
3.770000000000000018e-01
3.760000000000000009e-01
3.950000000000000178e-01
4.450000000000000067e-01
4.239999999999999880e-01
4.089999999999999747e-01
3.960000000000000187e-01
4.159999999999999809e-01
4.089999999999999747e-01
4.149999999999999800e-01
4.079999999999999738e-01
3.890000000000000124e-01
4.010000000000000231e-01
3.960000000000000187e-01
3.990000000000000213e-01
3.880000000000000115e-01
4.249999999999999889e-01
4.209999999999999853e-01
4.179999999999999827e-01
4.179999999999999827e-01
4.359999999999999987e-01
3.940000000000000169e-01
3.770000000000000018e-01
4.079999999999999738e-01
4.209999999999999853e-01
3.940000000000000169e-01
4.119999999999999774e-01
4.169999999999999818e-01
4.239999999999999880e-01
3.840000000000000080e-01
3.970000000000000195e-01
4.219999999999999862e-01
3.910000000000000142e-01
3.840000000000000080e-01
4.020000000000000240e-01
4.169999999999999818e-01
3.920000000000000151e-01
3.960000000000000187e-01
3.810000000000000053e-01
4.289999999999999925e-01
3.380000000000000226e-01
3.830000000000000071e-01
3.950000000000000178e-01
4.139999999999999791e-01
3.739999999999999991e-01
4.109999999999999765e-01
4.050000000000000266e-01
4.089999999999999747e-01
3.930000000000000160e-01
4.159999999999999809e-01
4.010000000000000231e-01
